
; 30 gang kill - blue guys

:
,60
,117,124,24,29
,1000
,5
,121,26,0,2,0,1,2
,121,27,270,2,0,1,2
,122,26,90,2,5,3,2
,123,25,0,2,5,3,2
,123,27,90,2,0,3,2

; 21 assasin run - 1 guy

:
,60
,59,59,13,13
,1000
,1
,113,15,270,2,0,0,3

; 52 bomb drop off

:,60,121,121,26,26,1000,10

; 33 mall kill - blue gang

:
,62
,52,59,20,22
,1000
,5
,52,20,0,2,0,1,2
,54,20,270,2,0,1,2
,56,20,90,2,5,3,2
,58,20,0,2,5,3,2
,55,22,90,2,0,3,2

; 14 - kill car

:
,60
,117,124,24,29
,500
,1,121,26,0,2,0,1,3

; 35 gang kill - blue gang

:
,63
,5,17,34,36
,1000
,5
,5,34,0,2,0,1,2
,7,34,270,2,0,1,2
,9,34,90,2,5,3,2
,11,34,0,2,5,3,2
,13,34,90,2,0,3,2

; 36 - blue guy take out

:
,61
,37,45,27,29
,1000
,5
,37,28,0,2,0,1,2
,39,27,270,2,0,1,2
,41,28,90,2,5,3,2
,43,27,0,2,5,3,2
,40,29,90,2,0,3,2

; 37 - gang wipeout

:
,60
,75,81,32,39
,1000
,5
,76,33,0,2,0,1,3
,78,34,270,2,0,1,3
,80,35,90,2,5,3,0
,75,38,0,2,5,3,0
,79,37,90,2,0,3,0

; 28 - shipment intercept

:
,60
,4,4,30,30
,1000
,1
,195,30,270,2,0,0,3

; 29 - truck intercept

:
,60
,195,195,31,31
,1000
,1
,86,31,90,2,0,0,3

; 2a - truck intercept

:
,60
,161,161,28,28
,1000
,1
,193,28,270,2,0,0,3

; 2b - truck intercept

:
,60
,143,143,14,14
,1000
,1
,195,17,270,2,0,0,3

; 5c - package delivery

:
,60
,96,96,20,20
,1000
,25

; 5d - package delivery

:
,63
,90,90,33,33
,1000
,25

; 5e - package delivery

:
,63
,10,10,40,40
,1000
,144

; 5f - package delivery

:
,61
,36,36,25,25
,1000
,100



; Mission ID's
; M - 1 = Truck interception
;     2 = Gang Kill Vehicles
;     3 = Assassination
;
; X,Y,X1,Y1    -Source and dest of interception truck
;              -Upper left and lower right of box of vehicles.



