 349 262 262 18000 392 350 392 440 18000 440 18000 440 18000 440  466
 350 440 18000 392 350 18000 392 440 440 392 350 18000 392 440 440 18000 392 
 440 440 392 350 18000
 349 262 262 18000 392 350 392 440 18000 440 18000 440 18000 440  466
 350 440 18000 392 350 18000 392 440 440 392 350 18000 392 440 440 18000 392 
 440 440 392 350 18000
 -1
 18 10 18 10 10 10 10 18 10 18 10 18 10 10 10 10 36 5 10 10 36 18 10 
 18 10 18 10 18 10 10 18 10 18 36 10 24 24  
 18 10 18 10 10 10 10 18 10 18 10 18 10 10 10 10 36 5 10 10 36 18 10 
 18 10 18 10 18 10 10 18 10 18 36 10 24 24  
-1 1.8

